year 2016
style
[6, 10, 4, 735, 5, 3833, 1580, 22, 12, 194, 2558, 3, 119, 12, 70, 70, 1620, 149, 1, 7517, 2, 617, 211, 326, 1, 10, 454, 13, 56, 1314, 1401, 7, 74, 408, 40, 281, 2, 15, 2, 2728, 8988, 67, 1, 49, 19956, 14, 1922, 17, 8, 2, 1162, 183, 156, 512, 19, 2, 765, 425, 7652, 34, 43, 7564, 9, 29, 2, 307, 26, 4, 103, 55, 1, 2, 308, 26, 105, 1, 416, 1237, 24, 3, 27, 15, 1, 7554, 463, 1, 15, 1873, 9, 9, 16, 92, 53, 3255, 1238, 1, 469, 8299, 1, 7, 1030, 513, 194, 178, 307, 5502, 8, 3888, 1818, 142, 1, 79, 2, 16, 643, 31043, 47878, 3, 1304, 42, 45, 5, 3, 33, 41, 2]
African	[0, 0, 2, 1, 0, 0, 20, 0, 0, 0, 11, 0, 0, 0, 0, 0, 3, 0, 0, 7, 0, 0, 0, 1, 1, 0, 0, 0, 0, 1, 4, 0, 1, 0, 0, 0, 1, 0, 0, 3, 56, 0, 0, 0, 48, 4, 0, 0, 0, 0, 1, 0, 0, 0, 0, 0, 1, 4, 11, 0, 0, 3, 0, 0, 0, 1, 0, 0, 0, 0, 0, 0, 0, 0, 0, 0, 0, 0, 0, 0, 0, 2, 0, 12, 0, 0, 4, 6, 0, 0, 0, 0, 0, 3, 28, 0, 0, 3, 0, 1, 0, 0, 0, 5, 1, 8, 0, 8, 4, 0, 0, 0, 0, 0, 0, 119, 72, 0, 0, 0, 0, 0, 0, 0, 0, 1]
Chanson	[0, 0, 0, 1, 0, 0, 7, 0, 0, 0, 24, 0, 8, 0, 0, 0, 4, 1, 0, 37, 0, 0, 0, 0, 0, 0, 6, 0, 0, 12, 0, 0, 0, 1, 0, 0, 0, 1, 0, 5, 454, 7, 0, 0, 47, 0, 3, 0, 0, 0, 5, 0, 0, 0, 0, 0, 0, 0, 55, 0, 0, 19, 0, 0, 0, 1, 0, 0, 1, 0, 0, 0, 0, 1, 0, 0, 0, 3, 0, 0, 1, 0, 0, 16, 1, 0, 0, 0, 0, 0, 0, 0, 0, 15, 0, 0, 4, 41, 0, 0, 3, 1, 0, 0, 1, 6, 0, 2, 4, 2, 0, 1, 0, 0, 0, 27, 16, 0, 2, 0, 0, 0, 0, 0, 0, 0]
Classical	[0, 0, 0, 3, 0, 26, 16, 1, 0, 0, 30, 0, 1, 0, 0, 0, 2, 0, 0, 55, 0, 2, 2, 0, 0, 0, 2, 0, 0, 14, 10, 0, 0, 0, 0, 0, 0, 0, 0, 15, 137, 1, 0, 0, 201, 0, 25, 0, 0, 0, 3, 7, 4, 2, 3, 0, 10, 3, 77, 0, 0, 96, 0, 1, 0, 7, 0, 0, 4, 0, 0, 0, 2, 1, 2, 0, 1, 8, 0, 0, 0, 0, 0, 30, 2, 0, 0, 11, 0, 0, 0, 0, 0, 20, 16, 0, 2, 89, 0, 0, 2, 4, 0, 1, 7, 22, 0, 33, 4, 3, 0, 5, 0, 1, 10, 291, 351, 0, 19, 1, 0, 0, 0, 0, 0, 0]
Disco	[0, 0, 0, 12, 0, 80, 68, 0, 0, 2, 40, 0, 1, 0, 3, 3, 23, 3, 0, 77, 0, 13, 2, 1, 0, 1, 4, 0, 0, 6, 16, 0, 2, 1, 0, 1, 0, 0, 0, 37, 283, 1, 0, 0, 387, 0, 84, 1, 0, 0, 17, 3, 1, 2, 1, 0, 9, 32, 295, 0, 2, 195, 0, 0, 0, 0, 0, 0, 0, 2, 0, 0, 0, 0, 0, 0, 1, 6, 1, 0, 0, 0, 0, 158, 1, 0, 0, 47, 0, 0, 1, 1, 0, 126, 16, 0, 10, 138, 0, 0, 37, 6, 0, 0, 0, 108, 0, 87, 63, 2, 0, 1, 0, 0, 5, 919, 651, 0, 7, 3, 0, 0, 0, 0, 0, 0]
Dubstep	[0, 0, 0, 7, 0, 38, 6, 3, 0, 2, 14, 0, 0, 0, 0, 0, 5, 2, 0, 112, 0, 1, 1, 0, 0, 0, 4, 0, 0, 5, 6, 0, 0, 0, 0, 1, 0, 0, 0, 3, 38, 0, 0, 0, 61, 0, 2, 1, 0, 0, 37, 1, 4, 1, 0, 0, 2, 1, 17, 0, 0, 102, 0, 0, 0, 1, 0, 0, 7, 0, 0, 0, 0, 0, 0, 0, 0, 3, 0, 0, 0, 0, 0, 45, 13, 0, 0, 3, 0, 0, 0, 0, 0, 24, 2, 0, 2, 38, 0, 0, 4, 0, 1, 2, 1, 14, 0, 8, 7, 1, 0, 0, 0, 0, 3, 498, 514, 0, 5, 0, 1, 0, 0, 0, 0, 0]
Electro	[0, 0, 0, 17, 0, 167, 78, 0, 0, 3, 219, 0, 5, 1, 15, 15, 31, 0, 1, 294, 0, 7, 3, 11, 0, 0, 28, 0, 0, 59, 35, 0, 1, 0, 0, 8, 0, 0, 0, 56, 486, 5, 0, 0, 952, 0, 79, 0, 0, 0, 67, 3, 3, 5, 0, 0, 45, 3, 267, 0, 1, 274, 0, 0, 0, 17, 0, 0, 5, 1, 0, 0, 4, 0, 3, 0, 2, 71, 0, 0, 0, 0, 0, 638, 11, 0, 0, 81, 0, 0, 1, 5, 0, 75, 33, 0, 21, 167, 0, 2, 79, 14, 5, 5, 17, 175, 0, 174, 65, 5, 0, 1, 0, 0, 10, 1056, 1422, 0, 17, 2, 0, 0, 0, 1, 0, 0]
Europop	[0, 0, 0, 5, 0, 8, 11, 0, 0, 0, 19, 0, 2, 0, 5, 5, 7, 5, 0, 5, 0, 0, 0, 0, 0, 0, 5, 0, 0, 7, 5, 0, 0, 0, 0, 2, 0, 0, 0, 49, 27, 0, 0, 0, 42, 0, 29, 0, 0, 0, 4, 0, 0, 2, 0, 0, 1, 1, 71, 0, 0, 11, 0, 0, 0, 4, 0, 0, 3, 0, 0, 0, 4, 0, 5, 0, 0, 15, 0, 0, 0, 0, 0, 8, 1, 0, 0, 3, 0, 0, 0, 0, 0, 30, 34, 0, 7, 226, 0, 0, 105, 11, 0, 0, 4, 20, 0, 18, 10, 6, 0, 1, 0, 0, 75, 68, 21, 0, 22, 0, 0, 0, 0, 0, 0, 0]
Folk	[0, 0, 0, 18, 0, 69, 46, 0, 0, 7, 35, 0, 9, 0, 12, 12, 38, 18, 0, 251, 0, 15, 11, 1, 0, 0, 21, 0, 3, 54, 33, 0, 1, 1, 0, 10, 0, 2, 0, 72, 193, 6, 0, 0, 427, 0, 31, 0, 0, 0, 16, 5, 0, 7, 1, 0, 24, 11, 135, 0, 0, 128, 0, 0, 0, 16, 0, 0, 5, 4, 0, 0, 15, 0, 9, 0, 2, 18, 1, 0, 1, 3, 0, 60, 21, 0, 0, 67, 0, 0, 0, 0, 0, 87, 81, 0, 23, 175, 0, 0, 175, 19, 7, 1, 16, 113, 0, 67, 30, 3, 0, 3, 0, 0, 15, 758, 1253, 0, 26, 1, 1, 0, 0, 1, 0, 0]
Folk Rock	[0, 0, 0, 12, 0, 26, 13, 0, 0, 0, 15, 0, 5, 0, 0, 0, 15, 2, 0, 141, 0, 9, 1, 0, 0, 0, 10, 0, 2, 29, 19, 0, 0, 0, 0, 0, 0, 0, 0, 45, 75, 3, 0, 0, 189, 0, 14, 0, 0, 0, 8, 2, 0, 2, 0, 0, 14, 7, 64, 0, 0, 100, 0, 0, 0, 7, 0, 0, 3, 0, 0, 0, 4, 0, 0, 0, 0, 7, 0, 0, 0, 0, 0, 22, 8, 0, 0, 34, 0, 0, 0, 0, 0, 37, 20, 0, 9, 88, 0, 0, 16, 6, 2, 1, 7, 57, 0, 23, 11, 2, 0, 1, 0, 0, 7, 368, 704, 0, 9, 0, 0, 0, 0, 1, 0, 0]
Freestyle	[0, 0, 0, 2, 0, 3, 1, 0, 0, 0, 3, 0, 0, 0, 0, 0, 1, 0, 0, 14, 0, 1, 1, 0, 0, 0, 0, 0, 1, 1, 1, 0, 0, 0, 0, 0, 0, 0, 0, 5, 5, 0, 0, 0, 8, 0, 8, 0, 0, 0, 0, 0, 1, 0, 0, 0, 0, 1, 2, 0, 0, 8, 0, 0, 0, 0, 0, 0, 0, 0, 0, 0, 0, 0, 0, 0, 0, 3, 0, 0, 0, 0, 0, 23, 0, 0, 0, 1, 0, 0, 0, 0, 0, 2, 2, 0, 0, 5, 0, 0, 0, 0, 0, 0, 0, 3, 0, 2, 1, 0, 0, 0, 0, 0, 0, 18, 24, 1, 1, 0, 0, 0, 0, 0, 0, 0]
Hip Hop	[0, 0, 1, 2, 0, 40, 8, 0, 0, 2, 22, 0, 1, 0, 1, 1, 4, 1, 0, 136, 0, 3, 1, 4, 0, 0, 4, 0, 0, 8, 14, 0, 0, 0, 0, 7, 0, 0, 0, 17, 119, 1, 0, 0, 199, 4, 39, 0, 0, 0, 141, 0, 1, 2, 0, 0, 2, 2, 67, 0, 0, 83, 0, 0, 0, 7, 0, 0, 6, 0, 0, 0, 4, 1, 4, 0, 0, 9, 0, 1, 0, 0, 0, 41, 2, 0, 4, 5, 0, 0, 0, 0, 1, 44, 11, 0, 9, 57, 0, 0, 8, 11, 5, 3, 7, 31, 0, 162, 12, 1, 0, 0, 0, 0, 4, 324, 621, 0, 11, 0, 0, 0, 0, 0, 0, 0]
Instrumental	[0, 0, 0, 1, 0, 44, 5, 0, 0, 1, 5, 0, 0, 0, 0, 0, 7, 2, 0, 63, 0, 4, 1, 4, 0, 0, 1, 0, 0, 17, 2, 0, 0, 0, 0, 3, 0, 0, 0, 27, 60, 0, 0, 0, 313, 1, 23, 0, 0, 0, 6, 0, 3, 1, 2, 0, 1, 1, 15, 0, 0, 69, 0, 2, 0, 4, 0, 0, 1, 0, 1, 0, 1, 3, 2, 0, 0, 0, 0, 2, 0, 0, 0, 14, 5, 0, 0, 7, 0, 0, 0, 0, 0, 14, 5, 0, 2, 23, 0, 0, 1, 15, 1, 2, 4, 8, 0, 11, 13, 1, 0, 0, 0, 0, 1, 147, 569, 0, 10, 0, 0, 0, 0, 0, 0, 0]
Latin	[0, 0, 0, 4, 0, 0, 1, 0, 0, 0, 7, 0, 0, 0, 0, 0, 10, 0, 0, 5, 0, 2, 0, 3, 0, 0, 0, 1, 1, 1, 0, 0, 0, 1, 0, 0, 0, 0, 0, 5, 19, 0, 0, 0, 21, 0, 1, 0, 0, 0, 3, 0, 0, 0, 0, 0, 1, 0, 24, 0, 0, 21, 0, 0, 0, 1, 0, 0, 0, 0, 0, 0, 0, 0, 0, 0, 1, 1, 0, 0, 0, 0, 0, 7, 0, 0, 0, 2, 0, 0, 0, 1, 0, 5, 1, 0, 2, 4, 0, 0, 0, 0, 0, 0, 1, 11, 0, 6, 2, 0, 0, 0, 0, 0, 0, 75, 75, 0, 0, 0, 0, 0, 0, 0, 0, 0]
Military	[0, 0, 0, 0, 0, 2, 0, 0, 0, 0, 1, 0, 0, 0, 0, 0, 0, 0, 0, 1, 0, 0, 0, 0, 0, 0, 0, 0, 0, 0, 0, 0, 0, 0, 0, 0, 0, 0, 0, 0, 2, 0, 0, 0, 17, 0, 1, 0, 0, 0, 1, 0, 0, 0, 0, 0, 0, 0, 0, 0, 0, 0, 0, 0, 0, 0, 0, 0, 0, 0, 0, 0, 0, 0, 0, 0, 0, 0, 0, 0, 0, 0, 0, 0, 0, 0, 0, 0, 0, 0, 0, 0, 0, 4, 0, 0, 0, 1, 0, 0, 0, 0, 0, 0, 0, 3, 0, 1, 0, 0, 0, 0, 0, 0, 0, 1, 11, 0, 0, 0, 0, 0, 0, 0, 0, 0]
Modern	[0, 0, 0, 2, 0, 24, 8, 0, 0, 0, 29, 0, 0, 0, 0, 0, 1, 1, 0, 53, 0, 1, 1, 0, 0, 0, 1, 0, 0, 18, 9, 0, 0, 0, 0, 2, 0, 0, 0, 9, 66, 0, 0, 0, 152, 0, 15, 0, 0, 0, 3, 9, 1, 2, 0, 0, 9, 2, 46, 0, 0, 73, 0, 0, 0, 1, 0, 0, 1, 0, 0, 0, 1, 0, 2, 0, 1, 4, 0, 0, 0, 1, 0, 29, 0, 0, 0, 13, 0, 0, 0, 0, 0, 20, 9, 0, 4, 75, 0, 0, 7, 3, 0, 1, 1, 5, 0, 27, 6, 0, 0, 5, 0, 0, 2, 253, 333, 0, 11, 1, 0, 0, 0, 0, 0, 0]
Neofolk	[0, 0, 0, 2, 0, 5, 7, 0, 0, 0, 5, 0, 0, 0, 0, 0, 1, 0, 0, 16, 0, 0, 4, 0, 0, 0, 0, 0, 0, 1, 7, 0, 0, 0, 0, 4, 0, 0, 0, 9, 13, 0, 0, 0, 83, 0, 9, 0, 0, 0, 1, 1, 0, 0, 0, 0, 0, 0, 17, 2, 0, 8, 0, 0, 0, 0, 0, 0, 3, 0, 0, 0, 5, 0, 0, 0, 0, 3, 0, 0, 0, 0, 0, 2, 1, 0, 0, 4, 0, 0, 0, 0, 0, 18, 3, 0, 2, 39, 0, 0, 2, 2, 0, 0, 0, 16, 0, 7, 0, 0, 0, 0, 0, 0, 1, 39, 85, 0, 4, 0, 0, 0, 0, 0, 0, 0]
Noise	[0, 0, 0, 11, 0, 241, 91, 7, 0, 13, 118, 0, 5, 0, 7, 7, 66, 5, 0, 655, 0, 40, 16, 12, 0, 2, 14, 0, 3, 50, 53, 0, 39, 3, 2, 6, 0, 2, 0, 124, 401, 5, 0, 0, 590, 0, 45, 0, 0, 0, 104, 11, 5, 34, 1, 2, 20, 2, 328, 7, 0, 215, 0, 2, 0, 11, 0, 1, 5, 1, 0, 0, 14, 0, 1, 0, 10, 103, 0, 0, 0, 0, 0, 167, 29, 0, 0, 53, 0, 0, 0, 8, 1, 93, 40, 0, 6, 1181, 0, 0, 54, 29, 34, 0, 11, 336, 0, 151, 40, 4, 0, 2, 0, 0, 1, 1025, 2964, 0, 239, 1, 0, 0, 0, 0, 8, 0]
Opera	[0, 0, 0, 0, 0, 2, 1, 0, 0, 0, 0, 0, 0, 0, 0, 0, 0, 1, 0, 2, 0, 0, 0, 0, 0, 0, 0, 0, 0, 2, 2, 0, 0, 0, 0, 0, 0, 0, 0, 0, 0, 0, 0, 0, 10, 0, 1, 0, 0, 0, 1, 1, 0, 1, 0, 0, 0, 0, 5, 0, 0, 0, 0, 0, 0, 0, 0, 0, 0, 0, 0, 0, 0, 0, 0, 0, 0, 3, 0, 0, 0, 0, 0, 0, 0, 0, 0, 1, 0, 0, 0, 0, 0, 1, 0, 0, 0, 4, 0, 0, 1, 0, 0, 0, 0, 9, 0, 0, 2, 0, 0, 0, 0, 0, 0, 9, 15, 0, 0, 0, 0, 0, 0, 0, 0, 0]
Parody	[0, 1, 0, 0, 0, 1, 2, 0, 0, 0, 9, 0, 0, 0, 0, 0, 0, 0, 0, 6, 0, 1, 0, 0, 0, 0, 2, 0, 0, 1, 0, 0, 0, 0, 0, 1, 0, 0, 0, 1, 7, 0, 0, 0, 14, 0, 0, 0, 0, 0, 1, 0, 0, 1, 0, 0, 0, 0, 11, 0, 0, 1, 0, 0, 0, 0, 0, 0, 0, 0, 0, 0, 0, 0, 0, 0, 0, 0, 0, 0, 0, 0, 0, 35, 0, 0, 0, 5, 0, 0, 0, 0, 0, 7, 2, 0, 0, 8, 0, 0, 2, 1, 0, 0, 0, 3, 0, 1, 2, 0, 0, 0, 0, 0, 0, 10, 44, 0, 1, 0, 0, 0, 0, 0, 0, 0]
Poetry	[0, 0, 0, 0, 0, 1, 2, 0, 0, 0, 11, 0, 0, 0, 0, 0, 0, 1, 0, 11, 0, 0, 1, 0, 0, 0, 1, 0, 0, 6, 3, 0, 0, 0, 0, 1, 0, 0, 0, 2, 11, 0, 0, 0, 59, 0, 2, 0, 0, 0, 0, 0, 0, 1, 0, 0, 0, 0, 9, 0, 0, 9, 0, 0, 0, 1, 0, 0, 0, 0, 0, 0, 0, 0, 0, 0, 0, 1, 0, 0, 0, 0, 0, 10, 0, 0, 0, 8, 0, 0, 0, 0, 0, 11, 1, 0, 0, 13, 0, 0, 0, 0, 0, 0, 1, 2, 0, 11, 3, 0, 0, 0, 0, 0, 1, 36, 26, 0, 1, 0, 0, 0, 0, 0, 0, 0]
Political	[0, 0, 0, 0, 0, 1, 0, 0, 0, 0, 0, 0, 0, 0, 0, 0, 1, 0, 0, 1, 0, 0, 0, 0, 0, 0, 0, 0, 0, 0, 0, 0, 0, 0, 0, 0, 0, 0, 0, 0, 5, 0, 0, 0, 8, 0, 0, 0, 0, 0, 1, 0, 0, 0, 0, 0, 0, 0, 0, 0, 0, 0, 0, 0, 0, 0, 0, 0, 0, 0, 0, 0, 0, 0, 0, 0, 0, 0, 0, 0, 0, 0, 0, 2, 0, 0, 0, 1, 0, 0, 0, 0, 0, 4, 0, 0, 0, 0, 0, 0, 0, 0, 0, 0, 0, 0, 0, 1, 2, 0, 0, 0, 0, 0, 0, 1, 5, 0, 0, 0, 0, 0, 0, 0, 0, 0]
Religious	[0, 0, 0, 0, 0, 6, 2, 0, 0, 0, 0, 0, 0, 0, 0, 0, 0, 0, 0, 8, 0, 0, 2, 1, 0, 0, 1, 0, 0, 0, 0, 0, 0, 0, 0, 0, 0, 0, 0, 0, 6, 0, 0, 0, 10, 0, 7, 0, 0, 0, 1, 0, 0, 0, 0, 0, 0, 0, 5, 0, 0, 1, 0, 0, 0, 0, 0, 0, 0, 1, 0, 0, 0, 0, 0, 0, 0, 0, 0, 0, 0, 0, 0, 0, 0, 0, 0, 2, 0, 0, 0, 0, 0, 9, 0, 0, 0, 11, 0, 0, 0, 0, 0, 0, 0, 1, 0, 1, 0, 0, 0, 0, 0, 0, 0, 12, 28, 0, 0, 0, 0, 0, 0, 0, 0, 0]
Rock	[0, 3, 0, 161, 2, 694, 275, 8, 1, 12, 254, 0, 30, 0, 3, 3, 235, 10, 0, 1439, 0, 100, 31, 24, 1, 1, 144, 1, 9, 205, 200, 0, 0, 1, 0, 68, 0, 2, 0, 611, 1214, 16, 0, 0, 2593, 0, 240, 2, 0, 1, 72, 34, 5, 82, 0, 0, 134, 66, 1158, 2, 2, 1986, 0, 2, 0, 47, 0, 3, 19, 1, 0, 2, 37, 6, 6, 1, 49, 212, 0, 1, 2, 1, 0, 430, 89, 0, 1, 380, 0, 0, 0, 15, 10, 513, 167, 0, 52, 1347, 0, 0, 118, 67, 27, 23, 47, 799, 0, 517, 198, 21, 0, 12, 0, 0, 66, 5266, 9475, 0, 85, 0, 17, 0, 0, 5, 0, 0]
Samba	[0, 0, 0, 0, 0, 0, 0, 0, 0, 0, 0, 0, 0, 0, 0, 0, 42, 0, 0, 1, 0, 0, 0, 0, 0, 0, 0, 0, 0, 0, 0, 0, 0, 0, 0, 0, 0, 0, 0, 0, 6, 0, 0, 0, 4, 0, 0, 0, 0, 0, 0, 0, 0, 0, 0, 0, 0, 0, 6, 0, 0, 5, 0, 0, 0, 0, 0, 0, 0, 0, 0, 0, 0, 0, 0, 0, 1, 0, 0, 0, 0, 0, 0, 0, 0, 0, 0, 0, 0, 0, 0, 0, 0, 1, 0, 0, 0, 0, 0, 0, 0, 0, 0, 0, 0, 0, 0, 0, 0, 0, 0, 0, 0, 0, 0, 31, 8, 0, 0, 0, 0, 0, 0, 0, 0, 0]
Soundtrack	[0, 0, 0, 1, 0, 22, 20, 0, 0, 0, 16, 0, 2, 0, 0, 0, 4, 0, 0, 58, 0, 1, 2, 0, 0, 0, 0, 0, 0, 9, 4, 0, 0, 0, 0, 3, 0, 0, 0, 5, 106, 2, 0, 0, 88, 0, 10, 0, 0, 0, 0, 0, 5, 0, 0, 0, 3, 1, 173, 0, 0, 78, 0, 0, 0, 1, 0, 2, 0, 0, 0, 0, 0, 0, 0, 0, 0, 5, 0, 0, 0, 0, 0, 24, 1, 0, 0, 4, 0, 0, 0, 0, 1, 20, 2, 0, 1, 11, 0, 0, 1, 0, 0, 0, 1, 30, 1, 26, 14, 12, 0, 0, 0, 0, 3, 267, 763, 0, 2, 0, 0, 0, 0, 0, 0, 0]
Trip Hop	[0, 0, 1, 2, 0, 32, 3, 0, 0, 1, 16, 0, 1, 0, 2, 2, 8, 5, 0, 38, 1, 5, 2, 0, 0, 0, 2, 0, 0, 5, 9, 0, 0, 0, 0, 1, 0, 0, 0, 9, 49, 1, 0, 1, 83, 1, 16, 0, 0, 0, 6, 1, 3, 1, 0, 0, 7, 1, 18, 0, 0, 17, 0, 0, 0, 2, 0, 0, 2, 0, 0, 0, 1, 0, 4, 0, 1, 9, 1, 0, 0, 0, 0, 8, 2, 0, 0, 9, 0, 0, 0, 1, 0, 22, 2, 0, 2, 55, 0, 0, 4, 8, 3, 2, 2, 5, 0, 2, 3, 2, 0, 0, 0, 0, 1, 114, 144, 0, 9, 0, 0, 0, 0, 0, 0, 0]
Vocal	[0, 0, 0, 5, 0, 37, 12, 0, 0, 0, 27, 0, 5, 0, 2, 2, 9, 19, 0, 30, 0, 0, 1, 1, 0, 0, 23, 0, 0, 26, 7, 0, 0, 0, 0, 1, 0, 1, 0, 51, 44, 0, 0, 0, 66, 0, 7, 0, 0, 0, 4, 3, 1, 4, 0, 0, 3, 3, 92, 0, 0, 62, 0, 0, 0, 3, 0, 0, 4, 0, 0, 0, 0, 0, 2, 0, 1, 2, 0, 0, 1, 0, 0, 50, 1, 0, 0, 7, 0, 0, 0, 1, 1, 103, 45, 0, 25, 61, 0, 0, 71, 9, 3, 0, 3, 26, 0, 36, 12, 36, 0, 1, 0, 0, 24, 200, 210, 0, 2, 0, 0, 0, 0, 1, 2, 0]
